100 1.1542e-05
200 1.1541e-05
300 1.1501e-05
400 1.1416e-05
500 1.1542e-05
600 1.1292e-05
700 1.15e-05
800 1.1542e-05
900 1.15e-05
1000 1.1542e-05
1100 1.1334e-05
1200 1.1542e-05
1300 1.1458e-05
1400 1.1334e-05
1500 1.1334e-05
1600 1.1542e-05
1700 1.1458e-05
1800 1.1501e-05
1900 1.15e-05
2000 1.1542e-05
2100 1.1542e-05
2200 1.15e-05
2300 1.15e-05
2400 1.1542e-05
2500 1.1542e-05
2600 1.1542e-05
2700 1.1542e-05
2800 1.1458e-05
2900 1.1375e-05
3000 1.15e-05
3100 1.1542e-05
3200 1.1375e-05
3300 1.1333e-05
3400 1.1542e-05
3500 1.1375e-05
3600 1.15e-05
3700 1.1375e-05
3800 1.15e-05
3900 1.1542e-05
4000 1.1542e-05
4100 1.15e-05
4200 1.1334e-05
4300 1.1541e-05
4400 1.1542e-05
4500 1.1459e-05
4600 1.15e-05
4700 1.15e-05
4800 1.15e-05
4900 1.1542e-05
5000 1.1542e-05
5100 1.15e-05
5200 1.15e-05
5300 1.1542e-05
5400 1.1541e-05
5500 1.15e-05
5600 1.1417e-05
5700 1.1375e-05
5800 1.1333e-05
5900 1.1375e-05
6000 1.1584e-05
6100 1.1334e-05
6200 1.1459e-05
6300 1.15e-05
6400 1.15e-05
6500 1.15e-05
6600 1.1541e-05
6700 1.1542e-05
6800 1.1542e-05
6900 1.1333e-05
7000 1.1542e-05
7100 1.15e-05
7200 1.1542e-05
7300 1.15e-05
7400 1.15e-05
7500 1.15e-05
7600 1.1375e-05
7700 1.15e-05
7800 1.1542e-05
7900 1.15e-05
8000 1.1542e-05
8100 1.15e-05
8200 1.1542e-05
8300 1.1542e-05
8400 1.1417e-05
8500 1.1542e-05
8600 1.15e-05
8700 1.1417e-05
8800 1.1459e-05
8900 1.1291e-05
9000 1.15e-05
9100 1.1542e-05
9200 1.1292e-05
9300 1.1501e-05
9400 1.1542e-05
9500 1.15e-05
9600 1.1542e-05
9700 1.1375e-05
9800 1.1334e-05
9900 1.15e-05
10000 1.1542e-05
10100 1.1542e-05
10200 1.1459e-05
10300 1.1542e-05
10400 1.1417e-05
10500 1.1542e-05
10600 1.1375e-05
10700 1.1542e-05
10800 0.000103044
10900 1.1542e-05
11000 1.15e-05
11100 1.1542e-05
11200 1.1542e-05
11300 1.1334e-05
11400 1.1542e-05
11500 1.1417e-05
11600 1.1542e-05
11700 1.1459e-05
11800 1.1375e-05
11900 1.1375e-05
12000 1.1292e-05
12100 1.1375e-05
12200 1.1292e-05
12300 1.1375e-05
12400 9.071e-05
12500 1.1333e-05
12600 1.15e-05
12700 1.1542e-05
12800 1.1542e-05
12900 1.15e-05
13000 1.15e-05
13100 1.1501e-05
13200 1.1417e-05
13300 1.1541e-05
13400 1.1375e-05
13500 1.15e-05
13600 1.1542e-05
13700 1.15e-05
13800 1.1542e-05
13900 1.1542e-05
14000 1.15e-05
14100 1.1333e-05
14200 1.1541e-05
14300 1.1542e-05
14400 1.1375e-05
14500 1.1542e-05
14600 1.1542e-05
14700 1.1542e-05
14800 1.1542e-05
14900 1.1417e-05
15000 1.1417e-05
15100 1.15e-05
15200 1.1542e-05
15300 1.1458e-05
15400 1.1542e-05
15500 1.1542e-05
15600 1.1542e-05
15700 1.15e-05
15800 1.1542e-05
15900 1.15e-05
16000 1.1417e-05
16100 1.15e-05
16200 1.15e-05
16300 1.1459e-05
16400 1.15e-05
16500 1.15e-05
16600 1.15e-05
16700 1.15e-05
16800 1.1542e-05
16900 1.1542e-05
17000 1.15e-05
17100 1.1501e-05
17200 1.1375e-05
17300 1.1376e-05
17400 1.1501e-05
17500 1.1542e-05
17600 1.1542e-05
17700 1.1542e-05
17800 1.1375e-05
17900 1.1542e-05
18000 1.1542e-05
18100 1.1542e-05
18200 1.1375e-05
18300 1.1376e-05
18400 1.1376e-05
18500 1.1375e-05
18600 1.1333e-05
18700 1.1458e-05
18800 1.1501e-05
18900 1.1458e-05
19000 1.1334e-05
19100 1.15e-05
19200 1.1542e-05
19300 1.1542e-05
19400 1.1459e-05
19500 1.1333e-05
19600 1.1542e-05
19700 1.1542e-05
19800 1.15e-05
19900 1.15e-05
20000 1.1501e-05
20100 1.1417e-05
20200 1.1417e-05
20300 1.15e-05
20400 1.15e-05
20500 1.1542e-05
20600 1.15e-05
20700 1.15e-05
20800 1.1376e-05
20900 1.1334e-05
21000 1.15e-05
21100 1.1542e-05
21200 1.1459e-05
21300 1.15e-05
21400 1.15e-05
21500 1.1459e-05
21600 1.1541e-05
21700 1.1542e-05
21800 1.1458e-05
21900 1.15e-05
22000 1.1542e-05
22100 1.1501e-05
22200 1.1292e-05
22300 1.15e-05
22400 1.1501e-05
22500 1.1542e-05
22600 1.1459e-05
22700 1.1417e-05
22800 1.1334e-05
22900 1.1417e-05
23000 1.1542e-05
23100 1.15e-05
23200 1.1417e-05
23300 1.1542e-05
23400 1.15e-05
23500 1.1459e-05
23600 1.1376e-05
23700 1.1333e-05
23800 1.1542e-05
23900 1.1417e-05
24000 1.15e-05
24100 1.1542e-05
24200 1.1376e-05
24300 1.1334e-05
24400 1.1375e-05
24500 1.1459e-05
24600 1.1334e-05
24700 1.15e-05
24800 1.1375e-05
24900 1.1333e-05
25000 1.1542e-05
25100 1.1416e-05
25200 1.15e-05
25300 1.1541e-05
25400 1.1541e-05
25500 1.1291e-05
25600 1.1501e-05
25700 1.15e-05
25800 1.1501e-05
25900 1.15e-05
26000 1.1542e-05
26100 1.1542e-05
26200 1.1459e-05
26300 1.1501e-05
26400 1.1542e-05
26500 1.1292e-05
26600 1.1501e-05
26700 1.15e-05
26800 1.1501e-05
26900 1.15e-05
27000 1.1459e-05
27100 1.15e-05
27200 1.15e-05
27300 1.1334e-05
27400 1.1333e-05
27500 1.15e-05
27600 1.15e-05
27700 1.15e-05
27800 1.1458e-05
27900 1.15e-05
28000 1.1501e-05
28100 1.1542e-05
28200 1.15e-05
28300 1.1292e-05
28400 1.1376e-05
28500 1.15e-05
28600 1.1542e-05
28700 1.15e-05
28800 1.15e-05
28900 1.1542e-05
29000 1.1542e-05
29100 1.1417e-05
29200 1.15e-05
29300 1.1542e-05
29400 1.1542e-05
29500 1.15e-05
29600 1.1542e-05
29700 1.1333e-05
29800 1.1501e-05
29900 1.1375e-05
30000 1.1542e-05
30100 1.1334e-05
30200 1.1542e-05
30300 1.15e-05
30400 1.1542e-05
30500 1.1376e-05
30600 1.1417e-05
30700 1.1333e-05
30800 1.1333e-05
30900 1.1375e-05
31000 1.1375e-05
31100 1.15e-05
31200 1.15e-05
31300 1.15e-05
31400 1.1334e-05
31500 1.1459e-05
31600 1.1542e-05
31700 1.1542e-05
31800 1.1334e-05
31900 1.15e-05
32000 1.1542e-05
32100 1.1459e-05
32200 1.1375e-05
32300 1.1458e-05
32400 1.1375e-05
32500 1.1375e-05
32600 1.1458e-05
32700 1.15e-05
32800 1.15e-05
32900 1.15e-05
33000 1.1542e-05
33100 1.15e-05
33200 1.1542e-05
33300 1.1542e-05
33400 1.15e-05
33500 1.1541e-05
33600 1.1541e-05
33700 1.1542e-05
33800 1.1458e-05
33900 1.1376e-05
34000 1.1417e-05
34100 1.1542e-05
34200 1.1333e-05
34300 1.15e-05
34400 1.15e-05
34500 1.1375e-05
34600 1.15e-05
34700 1.1542e-05
34800 1.1542e-05
34900 1.1501e-05
35000 1.1542e-05
35100 1.1542e-05
35200 1.1542e-05
35300 1.1416e-05
35400 1.15e-05
35500 1.1542e-05
35600 1.15e-05
35700 1.15e-05
35800 1.1459e-05
35900 1.1542e-05
36000 1.1334e-05
36100 1.1541e-05
36200 1.1417e-05
36300 1.1542e-05
36400 1.1542e-05
36500 1.1542e-05
36600 1.1501e-05
36700 1.15e-05
36800 1.1501e-05
36900 1.1541e-05
37000 1.15e-05
37100 1.1542e-05
37200 1.1542e-05
37300 6.8709e-05
37400 1.1542e-05
37500 1.1458e-05
37600 1.15e-05
37700 1.1458e-05
37800 1.15e-05
37900 1.1542e-05
38000 1.1542e-05
38100 1.15e-05
38200 1.1542e-05
38300 1.15e-05
38400 1.1333e-05
38500 1.15e-05
38600 1.15e-05
38700 1.1501e-05
38800 1.15e-05
38900 1.15e-05
39000 1.1542e-05
39100 1.15e-05
39200 1.1417e-05
39300 1.1417e-05
39400 1.1542e-05
39500 1.1542e-05
39600 1.1542e-05
39700 1.1375e-05
39800 1.15e-05
39900 1.1333e-05
40000 1.15e-05
40100 1.1334e-05
40200 1.15e-05
40300 1.15e-05
40400 1.15e-05
40500 1.1542e-05
40600 1.15e-05
40700 1.15e-05
40800 1.1375e-05
40900 1.1334e-05
41000 1.1542e-05
41100 1.15e-05
41200 1.1292e-05
41300 1.1501e-05
41400 1.15e-05
41500 1.1541e-05
41600 1.1542e-05
41700 1.1375e-05
41800 1.1541e-05
41900 1.1542e-05
42000 1.1541e-05
42100 1.1501e-05
42200 1.1542e-05
42300 1.1541e-05
42400 1.15e-05
42500 1.1417e-05
42600 1.1542e-05
42700 1.1542e-05
42800 1.1417e-05
42900 1.15e-05
43000 1.15e-05
43100 1.15e-05
43200 1.1458e-05
43300 1.1501e-05
43400 1.15e-05
43500 1.1542e-05
43600 1.1417e-05
43700 1.15e-05
43800 1.1542e-05
43900 1.15e-05
44000 1.15e-05
44100 1.1416e-05
44200 1.1375e-05
44300 1.1542e-05
44400 1.15e-05
44500 1.1542e-05
44600 1.1459e-05
44700 1.1501e-05
44800 1.15e-05
44900 1.15e-05
45000 1.1542e-05
45100 1.1417e-05
45200 1.1417e-05
45300 1.1376e-05
45400 1.1334e-05
45500 1.1459e-05
45600 1.1375e-05
45700 1.1459e-05
45800 1.1542e-05
45900 1.15e-05
46000 1.1542e-05
46100 1.1333e-05
46200 1.1333e-05
46300 1.15e-05
46400 1.15e-05
46500 1.1542e-05
46600 1.1501e-05
46700 1.15e-05
46800 1.1334e-05
46900 1.15e-05
47000 1.1417e-05
47100 1.1333e-05
47200 1.15e-05
47300 1.1501e-05
47400 1.15e-05
47500 1.15e-05
47600 1.1541e-05
47700 1.15e-05
47800 1.1542e-05
47900 1.1375e-05
48000 1.15e-05
48100 1.15e-05
48200 1.15e-05
48300 1.1375e-05
48400 1.1542e-05
48500 1.15e-05
48600 1.1375e-05
48700 1.15e-05
48800 1.1542e-05
48900 1.1292e-05
49000 1.1334e-05
49100 1.1458e-05
49200 1.15e-05
49300 1.1542e-05
49400 1.1542e-05
49500 1.15e-05
49600 1.15e-05
49700 1.1417e-05
49800 1.1542e-05
49900 1.1501e-05
50000 1.1375e-05
50100 1.15e-05
50200 1.1458e-05
50300 1.15e-05
50400 1.1334e-05
50500 1.1458e-05
50600 1.1542e-05
50700 1.1458e-05
50800 1.1375e-05
50900 1.15e-05
51000 1.1501e-05
51100 1.1375e-05
51200 1.1375e-05
51300 1.1417e-05
51400 1.1334e-05
51500 1.1375e-05
51600 1.1334e-05
51700 1.1375e-05
51800 1.15e-05
51900 1.15e-05
52000 1.15e-05
52100 1.15e-05
52200 1.1541e-05
52300 1.1375e-05
52400 1.15e-05
52500 1.1334e-05
52600 1.1584e-05
52700 1.1542e-05
52800 1.1542e-05
52900 1.15e-05
53000 1.1333e-05
53100 1.15e-05
53200 1.15e-05
53300 1.1458e-05
53400 1.15e-05
53500 1.1417e-05
53600 1.1542e-05
53700 1.1501e-05
53800 1.15e-05
53900 1.15e-05
54000 1.1541e-05
54100 1.1584e-05
54200 1.1417e-05
54300 1.1542e-05
54400 1.1542e-05
54500 1.1542e-05
54600 1.1542e-05
54700 1.15e-05
54800 1.1459e-05
54900 1.1501e-05
55000 1.15e-05
55100 1.1333e-05
55200 1.15e-05
55300 1.1541e-05
55400 1.1542e-05
55500 1.1334e-05
55600 1.1501e-05
55700 1.1542e-05
55800 1.15e-05
55900 1.1542e-05
56000 1.1542e-05
56100 1.15e-05
56200 1.15e-05
56300 1.1542e-05
56400 1.1458e-05
56500 1.1542e-05
56600 1.1501e-05
56700 1.15e-05
56800 1.1459e-05
56900 1.1459e-05
57000 1.1375e-05
57100 1.1417e-05
57200 1.1375e-05
57300 1.1334e-05
57400 1.1417e-05
57500 1.1334e-05
57600 1.1375e-05
57700 1.1542e-05
57800 1.1501e-05
57900 1.1542e-05
58000 1.1459e-05
58100 1.15e-05
58200 1.1334e-05
58300 1.1542e-05
58400 1.1375e-05
58500 1.1333e-05
58600 1.1542e-05
58700 1.15e-05
58800 1.15e-05
58900 1.1542e-05
59000 1.1542e-05
59100 1.1542e-05
59200 3.0126e-05
59300 1.1417e-05
59400 1.1334e-05
59500 1.15e-05
59600 1.1542e-05
59700 1.15e-05
59800 1.1501e-05
59900 1.1542e-05
60000 1.1542e-05
60100 1.1542e-05
60200 1.15e-05
60300 1.1375e-05
60400 1.1541e-05
60500 1.1542e-05
60600 1.1542e-05
60700 1.1542e-05
60800 1.15e-05
60900 1.1292e-05
61000 1.15e-05
61100 1.1334e-05
61200 1.1542e-05
61300 1.1375e-05
61400 1.1417e-05
61500 1.1542e-05
61600 1.1542e-05
61700 1.1542e-05
61800 1.1458e-05
61900 1.1542e-05
62000 1.1542e-05
62100 1.1459e-05
62200 1.1542e-05
62300 1.15e-05
62400 1.1542e-05
62500 1.15e-05
62600 1.1459e-05
62700 1.15e-05
62800 1.1375e-05
62900 1.1334e-05
63000 1.1375e-05
63100 1.1375e-05
63200 1.1333e-05
63300 1.1333e-05
63400 1.1375e-05
63500 1.1333e-05
63600 1.1542e-05
63700 1.1334e-05
63800 1.1417e-05
63900 1.1375e-05
64000 1.1417e-05
64100 1.1542e-05
64200 1.1501e-05
64300 1.1501e-05
64400 1.1501e-05
64500 1.1334e-05
64600 1.1541e-05
64700 1.15e-05
64800 1.15e-05
64900 1.15e-05
65000 1.1501e-05
65100 1.1542e-05
65200 1.1542e-05
65300 1.1333e-05
65400 1.1376e-05
65500 1.15e-05
65600 1.15e-05
65700 1.1542e-05
65800 1.1417e-05
65900 1.15e-05
66000 1.1292e-05
66100 1.15e-05
66200 1.1501e-05
66300 1.1334e-05
66400 1.1459e-05
66500 1.15e-05
66600 1.1542e-05
66700 1.1334e-05
66800 1.1542e-05
66900 1.1542e-05
67000 1.1417e-05
67100 1.1417e-05
67200 1.1541e-05
67300 1.1542e-05
67400 1.15e-05
67500 1.15e-05
67600 1.15e-05
67700 1.15e-05
67800 1.1334e-05
67900 1.1542e-05
68000 1.1541e-05
68100 1.1375e-05
68200 1.15e-05
68300 1.15e-05
68400 1.1375e-05
68500 1.1416e-05
68600 1.15e-05
68700 1.1333e-05
68800 1.1375e-05
68900 1.1333e-05
69000 1.1333e-05
69100 1.1292e-05
69200 1.1333e-05
69300 1.1541e-05
69400 1.1458e-05
69500 1.1542e-05
69600 1.15e-05
69700 1.15e-05
69800 1.15e-05
69900 1.1292e-05
70000 1.1459e-05
70100 1.15e-05
70200 1.1542e-05
70300 1.1542e-05
70400 1.15e-05
70500 1.1542e-05
70600 1.1542e-05
70700 1.1417e-05
70800 1.1375e-05
70900 1.15e-05
71000 1.1542e-05
71100 1.15e-05
71200 1.1542e-05
71300 1.1542e-05
71400 1.1542e-05
71500 1.15e-05
71600 1.3042e-05
71700 1.15e-05
71800 1.1333e-05
71900 1.1542e-05
72000 1.15e-05
72100 1.15e-05
72200 1.1584e-05
72300 1.15e-05
72400 1.1542e-05
72500 1.1542e-05
72600 1.1542e-05
72700 1.15e-05
72800 1.1542e-05
72900 1.15e-05
73000 1.15e-05
73100 1.1375e-05
73200 1.15e-05
73300 1.1542e-05
73400 1.1417e-05
73500 1.1375e-05
73600 1.1541e-05
73700 1.1542e-05
73800 1.15e-05
73900 1.15e-05
74000 1.1542e-05
74100 1.15e-05
74200 1.1417e-05
74300 1.1417e-05
74400 1.15e-05
74500 1.15e-05
74600 1.1417e-05
74700 1.1334e-05
74800 1.1376e-05
74900 1.1292e-05
75000 1.1542e-05
75100 1.1376e-05
75200 1.15e-05
75300 1.1417e-05
75400 1.15e-05
75500 1.1542e-05
75600 1.15e-05
75700 1.1334e-05
75800 1.15e-05
75900 1.15e-05
76000 1.1375e-05
76100 1.15e-05
76200 1.1501e-05
76300 1.1542e-05
76400 1.1459e-05
76500 1.15e-05
76600 1.1292e-05
76700 1.15e-05
76800 1.1375e-05
76900 1.1541e-05
77000 1.1501e-05
77100 1.1542e-05
77200 1.1541e-05
77300 1.15e-05
77400 1.15e-05
77500 1.1542e-05
77600 1.15e-05
77700 1.15e-05
77800 1.1542e-05
77900 1.1542e-05
78000 1.1542e-05
78100 1.1333e-05
78200 1.15e-05
78300 1.1542e-05
78400 1.15e-05
78500 1.1334e-05
78600 1.1292e-05
78700 1.1542e-05
78800 1.15e-05
78900 1.1375e-05
79000 1.1541e-05
79100 1.1542e-05
79200 1.1459e-05
79300 1.1542e-05
79400 1.1542e-05
79500 1.1333e-05
79600 1.1542e-05
79700 1.15e-05
79800 1.1542e-05
79900 1.1542e-05
80000 1.1542e-05
80100 1.15e-05
80200 1.1376e-05
80300 1.15e-05
80400 1.1375e-05
80500 1.1334e-05
80600 1.15e-05
80700 1.1542e-05
80800 1.15e-05
80900 1.1375e-05
81000 1.1542e-05
81100 1.1333e-05
81200 1.1333e-05
81300 1.15e-05
81400 1.15e-05
81500 1.1458e-05
81600 1.1501e-05
81700 1.1542e-05
81800 1.1542e-05
81900 1.1542e-05
82000 1.1333e-05
82100 1.1542e-05
82200 1.15e-05
82300 1.1542e-05
82400 1.1375e-05
82500 1.15e-05
82600 1.1375e-05
82700 1.1417e-05
82800 1.1417e-05
82900 1.15e-05
83000 1.1541e-05
83100 1.15e-05
83200 1.1333e-05
83300 1.1501e-05
83400 1.1501e-05
83500 1.1417e-05
83600 1.15e-05
83700 1.15e-05
83800 1.1458e-05
83900 1.15e-05
84000 1.15e-05
84100 1.15e-05
84200 1.15e-05
84300 1.1375e-05
84400 1.15e-05
84500 1.125e-05
84600 1.1375e-05
84700 1.15e-05
84800 1.1501e-05
84900 1.1501e-05
85000 1.15e-05
85100 1.15e-05
85200 1.15e-05
85300 1.1417e-05
85400 1.15e-05
85500 1.1459e-05
85600 1.1417e-05
85700 1.1292e-05
85800 1.15e-05
85900 1.1458e-05
86000 1.1542e-05
86100 1.1542e-05
86200 1.15e-05
86300 1.1542e-05
86400 1.1501e-05
86500 1.1501e-05
86600 1.15e-05
86700 1.1458e-05
86800 1.15e-05
86900 1.1542e-05
87000 1.1501e-05
87100 1.15e-05
87200 1.15e-05
87300 1.1542e-05
87400 1.15e-05
87500 1.1292e-05
87600 1.15e-05
87700 1.1458e-05
87800 1.1501e-05
87900 1.1333e-05
88000 1.1542e-05
88100 1.1542e-05
88200 1.1542e-05
88300 1.1375e-05
88400 1.15e-05
88500 1.1542e-05
88600 1.15e-05
88700 1.1542e-05
88800 1.1541e-05
88900 1.1334e-05
89000 1.1542e-05
89100 1.1334e-05
89200 1.1584e-05
89300 1.1417e-05
89400 1.1375e-05
89500 1.15e-05
89600 1.1334e-05
89700 1.15e-05
89800 1.1542e-05
89900 1.15e-05
90000 1.1542e-05
90100 1.1542e-05
90200 1.1541e-05
90300 1.15e-05
90400 1.1417e-05
90500 1.1501e-05
90600 1.15e-05
90700 1.15e-05
90800 1.1375e-05
90900 1.1375e-05
91000 1.1416e-05
91100 1.1333e-05
91200 1.1375e-05
91300 1.1541e-05
91400 1.1541e-05
91500 1.1542e-05
91600 1.15e-05
91700 1.1542e-05
91800 1.15e-05
91900 1.1542e-05
92000 1.15e-05
92100 1.1459e-05
92200 1.1542e-05
92300 1.1501e-05
92400 1.1459e-05
92500 1.15e-05
92600 1.1458e-05
92700 1.1542e-05
92800 1.15e-05
92900 1.1459e-05
93000 1.1417e-05
93100 1.1417e-05
93200 1.1541e-05
93300 1.1541e-05
93400 1.1501e-05
93500 1.15e-05
93600 1.1542e-05
93700 1.1542e-05
93800 1.1542e-05
93900 1.15e-05
94000 1.1376e-05
94100 1.1542e-05
94200 1.1542e-05
94300 1.1417e-05
94400 1.1542e-05
94500 1.15e-05
94600 1.1375e-05
94700 1.1501e-05
94800 1.15e-05
94900 1.15e-05
95000 1.15e-05
95100 1.15e-05
95200 1.15e-05
95300 1.1334e-05
95400 1.15e-05
95500 1.1417e-05
95600 1.15e-05
95700 1.1542e-05
95800 1.1416e-05
95900 1.1541e-05
96000 1.1458e-05
96100 1.1542e-05
96200 1.1333e-05
96300 1.1333e-05
96400 1.1375e-05
96500 1.1375e-05
96600 1.1333e-05
96700 1.1542e-05
96800 1.1542e-05
96900 1.1541e-05
97000 1.1458e-05
97100 1.15e-05
97200 1.15e-05
97300 1.1542e-05
97400 1.1542e-05
97500 1.1542e-05
97600 1.15e-05
97700 1.1542e-05
97800 1.1458e-05
97900 1.1542e-05
98000 1.15e-05
98100 1.1542e-05
98200 1.15e-05
98300 1.15e-05
98400 1.15e-05
98500 1.1501e-05
98600 1.1375e-05
98700 1.1542e-05
98800 1.1542e-05
98900 1.1541e-05
99000 1.15e-05
99100 1.1459e-05
99200 1.15e-05
99300 1.15e-05
99400 1.1459e-05
99500 1.1458e-05
99600 1.1501e-05
99700 1.1333e-05
99800 1.1542e-05
99900 1.1333e-05
100000 1.1542e-05
100100 9.1376e-05
100200 1.1416e-05
100300 1.1292e-05
100400 1.15e-05
100500 1.1458e-05
100600 1.1459e-05
100700 1.1541e-05
100800 1.1459e-05
100900 1.15e-05
101000 1.1334e-05
101100 1.1417e-05
101200 1.1458e-05
101300 1.15e-05
101400 1.15e-05
101500 1.1542e-05
101600 1.15e-05
101700 1.1333e-05
101800 1.1376e-05
101900 1.1375e-05
102000 1.1333e-05
102100 1.1292e-05
102200 1.1333e-05
102300 1.1334e-05
102400 1.1542e-05
102500 1.1375e-05
102600 1.15e-05
102700 1.1333e-05
102800 1.1375e-05
102900 1.1501e-05
103000 1.1542e-05
103100 1.15e-05
103200 1.15e-05
103300 1.1542e-05
103400 1.1459e-05
103500 1.1417e-05
103600 1.1542e-05
103700 1.1542e-05
103800 1.1542e-05
103900 1.15e-05
104000 1.15e-05
104100 1.1333e-05
104200 1.1458e-05
104300 1.1334e-05
104400 1.1333e-05
104500 1.1334e-05
104600 1.1292e-05
104700 1.1375e-05
104800 1.15e-05
104900 1.1333e-05
105000 1.1416e-05
105100 1.15e-05
105200 1.15e-05
105300 1.1501e-05
105400 1.1375e-05
105500 1.1542e-05
105600 1.1334e-05
105700 1.15e-05
105800 1.1584e-05
105900 1.1292e-05
106000 1.1292e-05
106100 1.1333e-05
106200 1.1291e-05
106300 1.1333e-05
106400 1.1375e-05
106500 1.15e-05
106600 1.1542e-05
106700 1.1458e-05
106800 1.1375e-05
106900 1.1416e-05
107000 1.1417e-05
107100 1.1333e-05
107200 1.1333e-05
107300 1.1542e-05
107400 1.15e-05
107500 1.15e-05
107600 1.1458e-05
107700 1.1542e-05
107800 1.125e-05
107900 1.1542e-05
108000 1.1375e-05
108100 1.1292e-05
108200 1.1542e-05
108300 1.1459e-05
108400 1.15e-05
108500 1.15e-05
108600 1.1542e-05
108700 1.15e-05
108800 1.15e-05
108900 1.1375e-05
109000 1.15e-05
109100 1.15e-05
109200 1.1542e-05
109300 1.15e-05
109400 1.15e-05
109500 1.1542e-05
109600 1.1542e-05
109700 1.1459e-05
109800 1.1541e-05
109900 1.1542e-05
110000 1.15e-05
110100 1.1542e-05
110200 1.1542e-05
110300 1.1542e-05
110400 1.15e-05
110500 1.1501e-05
110600 1.15e-05
110700 1.1541e-05
110800 1.15e-05
110900 1.1459e-05
111000 1.15e-05
111100 1.1376e-05
111200 1.1375e-05
111300 1.1333e-05
111400 1.1375e-05
111500 1.1375e-05
111600 1.1292e-05
111700 1.1292e-05
111800 1.1334e-05
111900 1.1333e-05
112000 1.1334e-05
112100 1.1333e-05
112200 1.1333e-05
112300 1.1333e-05
112400 1.1333e-05
112500 1.1292e-05
112600 1.1333e-05
112700 1.1334e-05
112800 1.1334e-05
112900 1.1333e-05
113000 1.1333e-05
113100 1.1291e-05
113200 1.1376e-05
113300 1.1334e-05
113400 1.1334e-05
113500 1.1292e-05
113600 1.1375e-05
113700 1.1333e-05
113800 1.1334e-05
113900 1.1334e-05
114000 1.1334e-05
114100 1.1375e-05
114200 1.1334e-05
114300 1.1292e-05
114400 1.1334e-05
114500 1.1333e-05
114600 1.1333e-05
114700 1.1333e-05
114800 1.1376e-05
114900 1.1376e-05
115000 1.1333e-05
115100 1.1334e-05
115200 1.1333e-05
115300 1.1292e-05
115400 1.1333e-05
115500 1.1375e-05
115600 1.1292e-05
115700 1.1333e-05
115800 1.1334e-05
115900 1.1333e-05
116000 1.1375e-05
116100 1.1375e-05
116200 1.1375e-05
116300 1.1334e-05
116400 1.1334e-05
116500 1.1333e-05
116600 1.1334e-05
116700 1.1334e-05
116800 1.1334e-05
116900 1.1333e-05
117000 1.1333e-05
117100 1.1334e-05
117200 1.1333e-05
117300 1.1334e-05
117400 1.1333e-05
117500 1.1292e-05
117600 1.1333e-05
117700 1.1375e-05
117800 1.1334e-05
117900 1.1333e-05
118000 1.1333e-05
118100 1.1333e-05
118200 1.1292e-05
118300 1.1459e-05
118400 1.1334e-05
118500 1.1375e-05
118600 1.1417e-05
118700 1.1542e-05
118800 1.1333e-05
118900 1.15e-05
119000 1.1542e-05
119100 1.15e-05
119200 1.1542e-05
119300 1.1542e-05
119400 1.15e-05
119500 1.1542e-05
119600 1.15e-05
119700 1.1417e-05
119800 1.1542e-05
119900 1.1542e-05
120000 1.15e-05
120100 1.1459e-05
120200 1.1541e-05
120300 1.1375e-05
120400 1.1334e-05
120500 1.15e-05
120600 1.1542e-05
120700 1.1501e-05
120800 1.1458e-05
120900 1.15e-05
121000 1.1458e-05
121100 1.1417e-05
121200 1.1375e-05
121300 1.15e-05
121400 1.15e-05
121500 1.15e-05
121600 1.1542e-05
121700 1.1458e-05
121800 1.1542e-05
121900 1.15e-05
122000 1.1292e-05
122100 1.1542e-05
122200 1.1542e-05
122300 1.15e-05
122400 1.1375e-05
122500 1.1375e-05
122600 1.1416e-05
122700 1.1334e-05
122800 1.1334e-05
122900 1.1458e-05
123000 1.1542e-05
123100 1.1542e-05
123200 1.1542e-05
123300 1.1416e-05
123400 1.1458e-05
123500 1.1376e-05
123600 1.1375e-05
123700 1.15e-05
123800 1.1542e-05
123900 1.1542e-05
124000 1.1333e-05
124100 1.15e-05
124200 1.1459e-05
124300 1.1333e-05
124400 1.1542e-05
124500 1.1376e-05
124600 1.15e-05
124700 1.1375e-05
124800 1.15e-05
124900 1.1334e-05
125000 1.1542e-05
125100 1.15e-05
125200 1.15e-05
125300 1.1458e-05
125400 1.1542e-05
125500 1.1376e-05
125600 1.1459e-05
125700 1.1542e-05
125800 1.15e-05
125900 1.1417e-05
126000 1.1541e-05
126100 1.15e-05
126200 1.1501e-05
126300 1.15e-05
126400 1.1541e-05
126500 1.15e-05
126600 1.1542e-05
126700 1.15e-05
126800 1.1333e-05
126900 1.1333e-05
127000 1.15e-05
127100 1.1542e-05
127200 1.15e-05
127300 1.15e-05
127400 1.1292e-05
127500 1.15e-05
127600 1.1417e-05
127700 1.1417e-05
127800 1.1375e-05
127900 1.1375e-05
128000 1.1334e-05
128100 1.1334e-05
128200 1.15e-05
128300 1.1292e-05
128400 1.1542e-05
128500 1.1459e-05
128600 1.1416e-05
128700 1.1541e-05
128800 1.1542e-05
128900 1.15e-05
129000 1.15e-05
129100 1.1542e-05
129200 1.1459e-05
129300 1.1542e-05
129400 1.15e-05
129500 1.15e-05
129600 1.1542e-05
129700 1.15e-05
129800 1.1541e-05
129900 1.1542e-05
130000 1.1501e-05
130100 1.1333e-05
130200 1.1542e-05
130300 1.1542e-05
130400 1.15e-05
130500 1.15e-05
130600 1.15e-05
130700 1.1583e-05
130800 1.1541e-05
130900 1.1459e-05
131000 1.1541e-05
131100 1.1542e-05
131200 1.1542e-05
131300 1.1501e-05
131400 1.1542e-05
131500 1.1459e-05
131600 1.1501e-05
131700 1.1542e-05
131800 1.1542e-05
131900 1.15e-05
132000 1.1542e-05
132100 1.1417e-05
132200 1.15e-05
132300 1.1292e-05
132400 1.15e-05
132500 1.1501e-05
132600 1.15e-05
132700 1.1458e-05
132800 1.15e-05
132900 1.1501e-05
133000 1.15e-05
133100 1.1541e-05
133200 1.15e-05
133300 1.1334e-05
133400 1.1376e-05
133500 1.1501e-05
133600 1.1542e-05
133700 1.15e-05
133800 1.1458e-05
133900 1.1542e-05
134000 1.1458e-05
134100 1.1376e-05
134200 1.1459e-05
134300 1.15e-05
134400 1.1542e-05
134500 1.1334e-05
134600 1.3084e-05
134700 1.15e-05
134800 1.1417e-05
134900 1.15e-05
135000 1.1501e-05
135100 1.15e-05
135200 1.1541e-05
135300 1.1541e-05
135400 1.15e-05
135500 1.1541e-05
135600 1.15e-05
135700 1.15e-05
135800 1.15e-05
135900 1.1542e-05
136000 1.15e-05
136100 1.1501e-05
136200 1.1541e-05
136300 1.15e-05
136400 1.1501e-05
136500 1.15e-05
136600 1.1417e-05
136700 1.15e-05
136800 1.1542e-05
136900 1.15e-05
137000 1.1542e-05
137100 1.15e-05
137200 1.1375e-05
137300 1.15e-05
137400 1.15e-05
137500 1.1334e-05
137600 1.15e-05
137700 1.15e-05
137800 1.15e-05
137900 1.1459e-05
138000 1.1501e-05
138100 1.15e-05
138200 1.1458e-05
138300 1.1334e-05
138400 1.1416e-05
138500 1.1417e-05
138600 1.1334e-05
138700 1.1333e-05
138800 1.1459e-05
138900 1.1333e-05
139000 1.1417e-05
139100 1.1542e-05
139200 1.15e-05
139300 1.1541e-05
139400 1.1542e-05
139500 1.1542e-05
139600 1.1542e-05
139700 1.1333e-05
139800 1.1458e-05
139900 1.1458e-05
140000 1.1542e-05
140100 1.1542e-05
140200 1.1542e-05
140300 1.15e-05
140400 1.1542e-05
140500 1.1417e-05
140600 1.1333e-05
140700 1.1334e-05
140800 1.15e-05
140900 1.1292e-05
141000 1.1459e-05
141100 1.1375e-05
141200 1.1542e-05
141300 1.1417e-05
141400 1.1334e-05
141500 1.1501e-05
141600 1.15e-05
141700 1.1542e-05
141800 1.15e-05
141900 1.15e-05
142000 1.1417e-05
142100 1.1375e-05
142200 1.1375e-05
142300 1.1542e-05
142400 1.15e-05
142500 1.1542e-05
142600 1.15e-05
142700 1.1541e-05
142800 1.1542e-05
142900 1.1459e-05
143000 1.15e-05
143100 1.15e-05
143200 1.1542e-05
143300 1.15e-05
143400 1.1584e-05
143500 1.15e-05
143600 1.1333e-05
143700 1.1375e-05
143800 1.1292e-05
143900 1.1501e-05
144000 1.1458e-05
144100 1.15e-05
144200 1.1458e-05
144300 1.1541e-05
144400 1.1375e-05
144500 1.1375e-05
144600 1.1417e-05
144700 1.15e-05
144800 1.1542e-05
144900 1.1333e-05
145000 1.15e-05
145100 1.1333e-05
145200 1.1542e-05
145300 1.1333e-05
145400 1.1542e-05
145500 1.1501e-05
145600 1.1542e-05
145700 1.1542e-05
145800 1.1542e-05
145900 1.1542e-05
146000 1.15e-05
146100 1.1501e-05
146200 1.1375e-05
146300 1.15e-05
146400 1.1542e-05
146500 1.1459e-05
146600 1.1541e-05
146700 1.15e-05
146800 1.15e-05
146900 1.1417e-05
147000 1.1542e-05
147100 1.1541e-05
147200 1.15e-05
147300 1.15e-05
147400 1.1501e-05
147500 1.15e-05
147600 1.15e-05
147700 1.1584e-05
147800 1.1292e-05
147900 1.15e-05
148000 1.1542e-05
148100 1.1501e-05
148200 1.1542e-05
148300 1.1542e-05
148400 1.15e-05
148500 1.1542e-05
148600 1.15e-05
148700 1.1541e-05
148800 1.1459e-05
148900 1.1375e-05
149000 1.1375e-05
149100 1.1333e-05
149200 1.1375e-05
149300 1.1459e-05
149400 1.1458e-05
149500 1.1542e-05
149600 1.15e-05
149700 1.15e-05
149800 1.1375e-05
149900 1.1542e-05
150000 1.1542e-05
150100 1.1542e-05
150200 1.1542e-05
150300 1.15e-05
150400 1.15e-05
150500 1.15e-05
150600 1.1541e-05
150700 1.15e-05
150800 1.15e-05
150900 1.1542e-05
151000 1.1542e-05
151100 1.1292e-05
151200 1.15e-05
151300 1.1333e-05
151400 1.15e-05
151500 1.1541e-05
151600 1.1541e-05
151700 1.1458e-05
151800 1.1417e-05
151900 1.15e-05
152000 1.1542e-05
152100 1.1459e-05
152200 1.1501e-05
152300 1.15e-05
152400 1.1542e-05
152500 1.15e-05
152600 1.15e-05
152700 1.1542e-05
152800 1.15e-05
152900 1.15e-05
153000 1.1542e-05
153100 1.15e-05
153200 1.1501e-05
153300 1.15e-05
153400 1.1458e-05
153500 1.1542e-05
153600 1.1375e-05
153700 1.15e-05
153800 1.1542e-05
153900 1.1542e-05
154000 1.15e-05
154100 1.1375e-05
154200 1.1375e-05
154300 1.1333e-05
154400 1.1333e-05
154500 1.1417e-05
154600 1.1375e-05
154700 1.1458e-05
154800 1.1459e-05
154900 1.15e-05
155000 1.1541e-05
155100 1.1458e-05
155200 1.1542e-05
155300 1.1542e-05
155400 1.1542e-05
155500 1.1417e-05
155600 1.1375e-05
155700 1.1542e-05
155800 1.15e-05
155900 1.1542e-05
156000 1.15e-05
156100 1.1292e-05
156200 1.15e-05
156300 1.1458e-05
156400 1.1458e-05
156500 1.1501e-05
156600 1.15e-05
156700 1.15e-05
156800 1.15e-05
156900 1.1417e-05
157000 1.15e-05
157100 1.1333e-05
157200 1.15e-05
157300 1.1501e-05
157400 6.8751e-05
157500 1.15e-05
157600 1.1417e-05
157700 1.1541e-05
157800 1.1542e-05
157900 1.1417e-05
158000 1.1291e-05
158100 1.15e-05
158200 1.1542e-05
158300 1.1459e-05
158400 1.1458e-05
158500 1.15e-05
158600 1.1458e-05
158700 1.1542e-05
158800 1.15e-05
158900 1.15e-05
159000 1.1542e-05
159100 1.1542e-05
159200 1.1458e-05
159300 1.1417e-05
159400 1.1542e-05
159500 1.1334e-05
159600 1.1333e-05
159700 1.1416e-05
159800 1.15e-05
159900 1.1375e-05
160000 1.1542e-05
160100 1.1542e-05
160200 1.1542e-05
160300 1.1542e-05
160400 1.1542e-05
160500 1.15e-05
160600 1.15e-05
160700 1.1542e-05
160800 1.1542e-05
160900 1.1542e-05
161000 1.15e-05
161100 1.1376e-05
161200 1.1333e-05
161300 1.15e-05
161400 1.1542e-05
161500 1.1417e-05
161600 1.1375e-05
161700 1.1333e-05
161800 1.1375e-05
161900 1.15e-05
162000 1.1375e-05
162100 1.15e-05
162200 1.15e-05
162300 1.1333e-05
162400 1.15e-05
162500 1.1542e-05
162600 1.15e-05
162700 1.15e-05
162800 1.15e-05
162900 1.1459e-05
163000 1.15e-05
163100 1.1417e-05
163200 1.15e-05
163300 1.1501e-05
163400 1.15e-05
163500 1.1501e-05
163600 1.15e-05
163700 1.1458e-05
163800 1.15e-05
163900 1.1542e-05
164000 1.1375e-05
164100 1.15e-05
164200 1.1417e-05
164300 1.15e-05
164400 1.15e-05
164500 1.15e-05
164600 1.1541e-05
164700 1.1375e-05
164800 1.1417e-05
164900 1.1375e-05
165000 1.1542e-05
165100 1.1333e-05
165200 1.1416e-05
165300 1.1541e-05
165400 1.1542e-05
165500 1.1542e-05
165600 1.15e-05
165700 1.1334e-05
165800 1.15e-05
165900 1.1459e-05
166000 1.1542e-05
166100 1.1541e-05
166200 1.1417e-05
166300 1.15e-05
166400 1.1458e-05
166500 1.1542e-05
166600 1.15e-05
166700 1.15e-05
166800 1.1333e-05
166900 1.1542e-05
167000 1.15e-05
167100 1.15e-05
167200 1.15e-05
167300 1.1542e-05
167400 1.15e-05
167500 1.1542e-05
167600 1.1458e-05
167700 1.1501e-05
167800 1.1542e-05
167900 1.15e-05
168000 1.1333e-05
168100 1.1583e-05
168200 1.15e-05
168300 1.1542e-05
168400 1.15e-05
168500 1.1501e-05
168600 1.15e-05
168700 1.1542e-05
168800 1.1541e-05
168900 1.1458e-05
169000 1.1501e-05
169100 1.15e-05
169200 1.15e-05
169300 1.1376e-05
169400 1.1542e-05
169500 1.15e-05
169600 1.1417e-05
169700 1.1333e-05
169800 1.1375e-05
169900 1.1333e-05
170000 1.1375e-05
170100 1.1542e-05
170200 1.1501e-05
170300 1.1542e-05
170400 1.15e-05
170500 1.1542e-05
170600 1.1542e-05
170700 1.15e-05
170800 1.15e-05
170900 1.1292e-05
171000 1.1542e-05
171100 1.15e-05
171200 1.1542e-05
171300 1.1501e-05
171400 1.1417e-05
171500 1.1542e-05
171600 1.1459e-05
171700 1.15e-05
171800 1.15e-05
171900 1.15e-05
172000 1.15e-05
172100 1.15e-05
172200 1.1375e-05
172300 1.15e-05
172400 1.1542e-05
172500 1.1542e-05
172600 1.1542e-05
172700 1.15e-05
172800 1.1542e-05
172900 1.1542e-05
173000 1.1542e-05
173100 1.1417e-05
173200 1.1417e-05
173300 1.1417e-05
173400 1.15e-05
173500 1.1417e-05
173600 1.1542e-05
173700 1.1542e-05
173800 1.1333e-05
173900 1.1541e-05
174000 1.1542e-05
174100 1.1542e-05
174200 1.1542e-05
174300 1.1542e-05
174400 1.1458e-05
174500 1.15e-05
174600 1.1334e-05
174700 1.1375e-05
174800 1.1333e-05
174900 1.1459e-05
175000 1.1333e-05
175100 1.1375e-05
175200 1.1542e-05
175300 1.15e-05
175400 1.1583e-05
175500 1.1541e-05
175600 1.1541e-05
175700 1.1542e-05
175800 1.1542e-05
175900 1.1542e-05
176000 1.1417e-05
176100 1.1376e-05
176200 1.1542e-05
176300 1.15e-05
176400 1.1501e-05
176500 1.15e-05
176600 1.15e-05
176700 1.1542e-05
176800 1.1458e-05
176900 1.15e-05
177000 1.15e-05
177100 1.15e-05
177200 1.1417e-05
177300 1.15e-05
177400 1.15e-05
177500 1.1375e-05
177600 1.1333e-05
177700 1.15e-05
177800 1.15e-05
177900 1.15e-05
178000 1.1542e-05
178100 1.1334e-05
178200 1.1542e-05
178300 1.15e-05
178400 1.1542e-05
178500 1.15e-05
178600 1.1501e-05
178700 1.1541e-05
178800 1.15e-05
178900 1.15e-05
179000 1.1542e-05
179100 1.1375e-05
179200 1.1375e-05
179300 1.15e-05
179400 1.1542e-05
179500 1.1542e-05
179600 1.1542e-05
179700 1.1375e-05
179800 1.1334e-05
179900 1.1458e-05
180000 1.1334e-05
180100 1.1334e-05
180200 1.1542e-05
180300 1.1501e-05
180400 1.1459e-05
180500 1.1334e-05
180600 1.1292e-05
180700 1.1542e-05
180800 1.15e-05
180900 1.1541e-05
181000 1.1542e-05
181100 1.15e-05
181200 1.1375e-05
181300 1.1542e-05
181400 1.1541e-05
181500 1.1542e-05
181600 1.15e-05
181700 1.1542e-05
181800 1.1501e-05
181900 1.1541e-05
182000 1.15e-05
182100 1.15e-05
182200 1.1333e-05
182300 1.1417e-05
182400 1.1501e-05
182500 1.15e-05
182600 1.15e-05
182700 1.1501e-05
182800 1.1417e-05
182900 1.15e-05
183000 1.1459e-05
183100 1.1542e-05
183200 1.1542e-05
183300 1.1334e-05
183400 1.1542e-05
183500 1.15e-05
183600 1.1542e-05
183700 1.1375e-05
183800 1.1541e-05
183900 1.1542e-05
184000 1.15e-05
184100 1.15e-05
184200 1.1542e-05
184300 1.15e-05
184400 1.15e-05
184500 1.1333e-05
184600 1.1334e-05
184700 1.1501e-05
184800 1.1375e-05
184900 1.1459e-05
185000 1.15e-05
185100 1.15e-05
185200 1.1541e-05
185300 1.1334e-05
185400 1.1542e-05
185500 1.15e-05
185600 1.1542e-05
185700 1.15e-05
185800 1.1542e-05
185900 1.1459e-05
186000 1.1375e-05
186100 1.1459e-05
186200 1.1542e-05
186300 1.15e-05
186400 1.1541e-05
186500 1.15e-05
186600 1.1541e-05
186700 1.15e-05
186800 1.15e-05
186900 1.1542e-05
187000 1.1541e-05
187100 1.15e-05
187200 1.1583e-05
187300 1.1542e-05
187400 1.1542e-05
187500 1.15e-05
187600 1.1542e-05
187700 1.15e-05
187800 1.1542e-05
187900 1.15e-05
188000 1.15e-05
188100 1.1542e-05
188200 1.1542e-05
188300 1.1542e-05
188400 1.1375e-05
188500 1.15e-05
188600 1.1376e-05
188700 1.1583e-05
188800 1.1542e-05
188900 1.1541e-05
189000 1.1542e-05
189100 1.1459e-05
189200 1.1542e-05
189300 1.1542e-05
189400 1.1459e-05
189500 1.1375e-05
189600 1.1333e-05
189700 1.1417e-05
189800 1.1334e-05
189900 1.1417e-05
190000 1.1542e-05
190100 1.1542e-05
190200 1.1542e-05
190300 1.1375e-05
190400 1.1542e-05
190500 1.1458e-05
190600 1.1541e-05
190700 1.1334e-05
190800 1.1542e-05
190900 1.15e-05
191000 1.15e-05
191100 1.15e-05
191200 1.1459e-05
191300 1.1542e-05
191400 1.1501e-05
191500 1.1541e-05
191600 1.1334e-05
191700 1.1541e-05
191800 1.1417e-05
191900 1.15e-05
192000 1.1334e-05
192100 1.1333e-05
192200 1.1375e-05
192300 1.1292e-05
192400 1.1541e-05
192500 1.1334e-05
192600 1.1375e-05
192700 1.1501e-05
192800 1.1542e-05
192900 1.1542e-05
193000 1.15e-05
193100 1.1375e-05
193200 1.15e-05
193300 1.15e-05
193400 1.15e-05
193500 1.15e-05
193600 1.15e-05
193700 1.1375e-05
193800 1.1459e-05
193900 1.1459e-05
194000 1.1375e-05
194100 1.1417e-05
194200 1.1333e-05
194300 1.1542e-05
194400 1.1334e-05
194500 1.1541e-05
194600 1.1458e-05
194700 1.1542e-05
194800 1.15e-05
194900 1.1501e-05
195000 1.1501e-05
195100 1.1542e-05
195200 1.15e-05
195300 1.1541e-05
195400 1.1542e-05
195500 1.1542e-05
195600 1.15e-05
195700 1.1501e-05
195800 1.15e-05
195900 1.1501e-05
196000 1.15e-05
196100 1.1416e-05
196200 1.1542e-05
196300 1.15e-05
196400 1.1375e-05
196500 1.15e-05
196600 1.1542e-05
196700 1.1542e-05
196800 1.1375e-05
196900 1.15e-05
197000 1.1542e-05
197100 1.1292e-05
197200 1.1542e-05
197300 1.15e-05
197400 1.1417e-05
197500 1.1458e-05
197600 1.1501e-05
197700 1.1292e-05
197800 1.1541e-05
197900 1.1542e-05
198000 1.1501e-05
198100 1.15e-05
198200 1.15e-05
198300 1.1417e-05
198400 1.15e-05
198500 1.1458e-05
198600 1.1501e-05
198700 1.15e-05
198800 1.1542e-05
198900 1.1542e-05
199000 1.1458e-05
199100 1.1417e-05
199200 1.1376e-05
199300 1.15e-05
199400 1.1375e-05
199500 1.1334e-05
199600 1.1542e-05
199700 1.1542e-05
199800 1.15e-05
199900 1.1417e-05
200000 1.15e-05
200100 1.1542e-05
200200 1.1458e-05
200300 1.1458e-05
200400 1.1333e-05
200500 1.1542e-05
200600 1.1458e-05
200700 1.1583e-05
200800 1.1542e-05
200900 1.1542e-05
201000 1.15e-05
201100 1.1542e-05
201200 1.15e-05
201300 1.15e-05
201400 1.1542e-05
201500 1.1542e-05
201600 1.15e-05
201700 1.1375e-05
201800 1.15e-05
201900 1.1334e-05
202000 1.15e-05
202100 1.15e-05
202200 1.1542e-05
202300 1.1501e-05
202400 1.15e-05
202500 1.1501e-05
202600 1.15e-05
202700 1.1333e-05
202800 1.15e-05
202900 1.1542e-05
203000 1.1417e-05
203100 1.15e-05
203200 1.15e-05
203300 1.1542e-05
203400 1.1292e-05
203500 1.1541e-05
203600 1.1541e-05
203700 1.1542e-05
203800 1.1542e-05
203900 1.1375e-05
204000 1.1375e-05
204100 1.15e-05
204200 1.1333e-05
204300 1.15e-05
204400 1.15e-05
204500 1.15e-05
204600 1.15e-05
204700 1.1458e-05
204800 1.1375e-05
204900 1.15e-05
205000 1.1417e-05
205100 1.1541e-05
205200 1.1542e-05
205300 1.1376e-05
205400 1.1542e-05
205500 1.1542e-05
205600 1.1334e-05
205700 1.1459e-05
205800 1.1542e-05
205900 1.1542e-05
206000 1.15e-05
206100 1.1542e-05
206200 1.1542e-05
206300 1.1501e-05
206400 1.15e-05
206500 1.15e-05
206600 1.1542e-05
206700 1.1542e-05
206800 1.1417e-05
206900 1.1542e-05
207000 1.1458e-05
207100 1.1542e-05
207200 1.1542e-05
207300 1.1501e-05
207400 1.15e-05
207500 1.1416e-05
207600 1.1542e-05
207700 1.1542e-05
207800 1.1459e-05
207900 1.15e-05
208000 1.15e-05
208100 1.1542e-05
208200 1.1542e-05
208300 1.15e-05
208400 1.1375e-05
208500 1.1417e-05
208600 1.1375e-05
208700 1.1501e-05
208800 1.1375e-05
208900 1.1376e-05
209000 1.1375e-05
209100 1.1375e-05
209200 1.1334e-05
209300 1.15e-05
209400 1.1459e-05
209500 1.15e-05
209600 1.1459e-05
209700 1.15e-05
209800 1.1416e-05
209900 1.1542e-05
210000 1.1541e-05
210100 1.1542e-05
210200 1.1542e-05
210300 1.15e-05
210400 1.1542e-05
210500 1.1417e-05
210600 1.15e-05
210700 1.15e-05
210800 1.15e-05
210900 1.1542e-05
211000 1.15e-05
211100 1.1417e-05
211200 1.15e-05
211300 1.15e-05
211400 1.1458e-05
211500 1.1333e-05
211600 1.1542e-05
211700 1.15e-05
211800 1.15e-05
211900 1.15e-05
212000 1.15e-05
212100 1.1542e-05
212200 3.2542e-05
212300 1.1541e-05
212400 1.1542e-05
212500 1.1417e-05
212600 1.1501e-05
212700 1.1542e-05
212800 1.1501e-05
212900 1.1334e-05
213000 1.15e-05
213100 1.1542e-05
213200 1.1541e-05
213300 1.1541e-05
213400 1.1417e-05
213500 1.15e-05
213600 1.1292e-05
213700 1.1458e-05
213800 1.1458e-05
213900 1.1542e-05
214000 1.1542e-05
214100 1.15e-05
214200 1.15e-05
214300 1.1501e-05
214400 1.1417e-05
214500 1.1501e-05
214600 1.1417e-05
214700 1.15e-05
214800 1.1542e-05
214900 1.1542e-05
215000 1.1501e-05
215100 1.15e-05
215200 2.4583e-05
215300 1.1501e-05
215400 1.15e-05
215500 1.15e-05
215600 1.15e-05
215700 1.1542e-05
215800 1.1459e-05
215900 1.15e-05
216000 1.1542e-05
216100 1.1542e-05
216200 1.1541e-05
216300 1.1542e-05
216400 1.1542e-05
216500 1.1417e-05
216600 1.1458e-05
216700 1.1541e-05
216800 1.15e-05
216900 1.15e-05
217000 1.1334e-05
217100 1.1542e-05
217200 1.1459e-05
217300 1.1542e-05
217400 1.1501e-05
217500 1.1375e-05
217600 1.15e-05
217700 1.1375e-05
217800 1.1542e-05
217900 1.1375e-05
218000 1.1417e-05
218100 1.1292e-05
218200 1.1417e-05
218300 1.1375e-05
218400 1.1375e-05
218500 1.1375e-05
218600 1.1459e-05
218700 1.1542e-05
218800 2.5125e-05
218900 1.15e-05
219000 1.1291e-05
219100 1.1417e-05
219200 1.15e-05
219300 1.1334e-05
219400 1.1458e-05
219500 1.1542e-05
219600 1.1542e-05
219700 1.15e-05
219800 1.1334e-05
219900 1.1542e-05
220000 1.1542e-05
220100 1.1375e-05
220200 1.1542e-05
220300 1.15e-05
220400 1.15e-05
220500 1.1542e-05
220600 1.1501e-05
220700 1.1417e-05
220800 1.15e-05
220900 1.1542e-05
221000 1.15e-05
221100 1.15e-05
221200 1.15e-05
221300 1.1501e-05
221400 1.15e-05
221500 1.1375e-05
221600 1.1542e-05
221700 1.15e-05
221800 1.15e-05
221900 1.15e-05
222000 1.1542e-05
222100 1.1542e-05
222200 1.1542e-05
222300 1.1542e-05
222400 1.1542e-05
222500 1.15e-05
222600 1.15e-05
222700 1.1333e-05
222800 1.1375e-05
222900 1.1375e-05
223000 1.1334e-05
223100 1.1375e-05
223200 1.1417e-05
223300 1.1333e-05
223400 1.1501e-05
223500 1.1542e-05
223600 1.1292e-05
223700 1.1333e-05
223800 1.15e-05
223900 1.1541e-05
224000 1.15e-05
224100 1.1541e-05
224200 1.15e-05
224300 1.15e-05
224400 1.1375e-05
224500 1.1542e-05
224600 1.15e-05
224700 1.15e-05
224800 1.15e-05
224900 1.1542e-05
225000 1.1501e-05
225100 1.1584e-05
225200 1.1459e-05
225300 1.1458e-05
225400 1.1542e-05
225500 1.1542e-05
225600 1.1501e-05
225700 1.1417e-05
225800 1.1292e-05
225900 1.15e-05
226000 1.1375e-05
226100 1.1541e-05
226200 1.1542e-05
226300 1.15e-05
226400 1.1542e-05
226500 1.1542e-05
226600 1.1541e-05
226700 1.15e-05
226800 1.15e-05
226900 1.15e-05
227000 1.15e-05
227100 1.1541e-05
227200 1.1416e-05
227300 1.1292e-05
227400 1.1541e-05
227500 1.1334e-05
227600 1.1376e-05
227700 1.1541e-05
227800 1.15e-05
227900 1.1542e-05
228000 1.1416e-05
228100 1.15e-05
228200 1.1501e-05
228300 1.15e-05
228400 1.15e-05
228500 1.1375e-05
228600 1.1541e-05
228700 1.1417e-05
228800 1.1542e-05
228900 1.1541e-05
229000 1.15e-05
229100 1.15e-05
229200 1.1333e-05
229300 1.15e-05
229400 1.1333e-05
229500 1.15e-05
229600 1.15e-05
229700 1.1458e-05
229800 1.1542e-05
229900 1.1541e-05
230000 1.1584e-05
230100 1.1333e-05
230200 1.1542e-05
230300 1.15e-05
230400 1.15e-05
230500 1.1417e-05
230600 1.15e-05
230700 1.15e-05
230800 1.15e-05
230900 1.15e-05
231000 1.15e-05
231100 1.15e-05
231200 1.1542e-05
231300 1.1542e-05
231400 1.1501e-05
231500 1.1375e-05
231600 1.1541e-05
231700 1.1459e-05
231800 1.1542e-05
231900 1.1291e-05
232000 1.1375e-05
232100 1.1334e-05
232200 1.1542e-05
232300 1.1375e-05
232400 1.1501e-05
232500 1.1541e-05
232600 1.15e-05
232700 1.15e-05
232800 1.1542e-05
232900 1.1292e-05
233000 1.1542e-05
233100 1.15e-05
233200 1.1501e-05
233300 1.1501e-05
233400 1.1501e-05
233500 1.15e-05
233600 1.1334e-05
233700 1.1542e-05
233800 1.15e-05
233900 1.1375e-05
234000 1.15e-05
234100 1.15e-05
234200 1.1542e-05
234300 1.1542e-05
234400 1.1542e-05
234500 1.1541e-05
234600 1.15e-05
234700 1.1542e-05
234800 1.15e-05
234900 1.15e-05
235000 1.1333e-05
235100 1.15e-05
235200 1.1542e-05
235300 1.1542e-05
235400 1.15e-05
235500 1.1541e-05
235600 1.15e-05
235700 1.15e-05
235800 1.1417e-05
235900 1.1541e-05
236000 1.1542e-05
236100 1.1542e-05
236200 1.15e-05
236300 1.1459e-05
236400 1.1417e-05
236500 1.1542e-05
236600 1.15e-05
236700 1.1417e-05
236800 1.1375e-05
236900 1.15e-05
237000 1.1334e-05
237100 1.1375e-05
237200 1.15e-05
237300 1.1542e-05
237400 1.1458e-05
237500 1.1541e-05
237600 1.1458e-05
237700 1.15e-05
237800 1.1375e-05
237900 1.1501e-05
238000 1.1501e-05
238100 1.15e-05
238200 1.15e-05
238300 1.1334e-05
238400 1.1459e-05
238500 1.1501e-05
238600 1.15e-05
238700 1.1458e-05
238800 1.15e-05
238900 1.1542e-05
239000 1.1542e-05
239100 1.1542e-05
239200 1.1417e-05
239300 1.1417e-05
239400 1.1501e-05
239500 1.1542e-05
239600 1.15e-05
239700 1.1416e-05
239800 1.15e-05
239900 1.15e-05
240000 1.1417e-05
240100 1.15e-05
240200 1.1542e-05
240300 1.1542e-05
240400 1.1375e-05
240500 1.1292e-05
240600 1.1458e-05
240700 1.1459e-05
240800 1.15e-05
240900 1.1542e-05
241000 1.15e-05
241100 1.1375e-05
